  -4.0444894e-01
   1.3211999e-01
   3.8725986e-01
  -1.1021234e-01
  -2.0829120e-01
   3.0367374e-01
   1.9649478e-01
  -2.3727671e-01
   1.8301314e-01
   4.6511628e-01
  -1.6177958e-01
  -2.3727671e-01
   3.3333333e-01
   2.1503202e-01
  -3.7445231e-01
  -1.1223458e-01
   4.7320526e-01
   5.7971014e-02
  -4.0141557e-01
   1.1358274e-01
   3.0670711e-01
  -2.4873610e-01
  -1.3616448e-01
   3.4479272e-01
   4.2804179e-02
  -2.5817324e-01
   3.1547017e-01
   4.9039434e-01
  -2.8075497e-01
  -3.4614088e-01
   4.2770475e-01
   2.0222447e-01
  -5.8847321e-01
  -1.4425345e-01
   4.2635659e-01
  -1.2571621e-01
  -4.5534210e-01
  -3.2355915e-02
  -3.9770812e-02
  -2.8412538e-01
  -1.0347152e-01
   8.2912032e-02
  -7.6171217e-02
  -1.1425683e-01
   3.9770812e-01
   4.1590832e-01
  -1.2403101e-01
   4.5163465e-02
   4.0579710e-01
   2.4266936e-02
  -2.5817324e-01
   1.5874621e-01
   3.1648129e-01
  -1.9919110e-01
  -2.9592181e-01
   1.8267610e-01
  -4.2804179e-02
  -4.1725649e-01
   1.2571621e-01
   4.4994944e-01
  -4.1456016e-02
  -1.5874621e-01
   3.6231884e-01
   2.1267273e-01
  -1.9514661e-01
   2.0593192e-01
   4.0815639e-01
   7.0441523e-02
   5.7971014e-02
   3.4917425e-01
   1.2942366e-01
  -3.7344119e-01
  -1.1189754e-01
   1.8233906e-01
  -2.9120324e-01
  -3.4344456e-01
   3.2221099e-01
   4.8668689e-01
  -1.4964611e-01
  -2.6895854e-01
   4.1691945e-01
   5.0185372e-01
  -1.5166835e-01
  -1.4324233e-01
   4.8028311e-01
   1.7020559e-01
  -3.2861476e-01
  -1.6852039e-02
   2.3559151e-01
  -2.4603977e-02
  -9.4371419e-02
   2.0930233e-01
   9.6393664e-02
   7.7182339e-02
   2.5244355e-01
  -4.9544995e-02
  -2.4199528e-01
   1.1088642e-01
   6.2689585e-02
  -3.0670711e-01
   3.3704078e-03
   3.8793394e-01
  -1.8200202e-02
  -5.3656892e-01
  -4.8196832e-02
   2.2413212e-01
  -3.8995618e-01
  -3.9063027e-01
   1.6346478e-01
  -1.8874284e-02
  -3.1209976e-01
   2.8547354e-01
   2.6828446e-01
  -3.3973711e-01
   5.6285811e-02
   6.1846983e-01
  -1.1796427e-02
  -4.3006404e-01
   4.2669363e-01
   4.9005730e-01
  -4.4455679e-01
  -3.6838557e-01
   3.5490394e-01
  -7.7182339e-02
  -5.0926862e-01
   1.7997978e-01
   3.1209976e-01
  -3.0131446e-01
  -2.6120661e-01
   3.1884058e-01
   9.7404786e-02
  -2.9221436e-01
   3.2692956e-02
   4.2467139e-01
   1.7593529e-01
  -1.4661274e-01
   1.8065386e-01
   2.4637681e-01
  -3.4378160e-02
  -8.4597236e-02
  -7.1452646e-02
  -6.0667341e-02
   2.5648804e-01
   2.9288844e-01
   3.1344793e-02
   1.0178632e-01
   2.0121335e-01
   1.6717223e-01
  -6.3700708e-02
   1.9548365e-02
   2.4368049e-01
   1.0785305e-01
   7.6508257e-02
   9.0663970e-02
  -1.5604988e-01
  -1.3279407e-01
   3.5119649e-01
   2.2750253e-01
  -4.0950455e-01
  -1.9615774e-01
   6.6531850e-01
   3.9669700e-01
  -5.7027300e-01
  -2.6727334e-01
   5.3016515e-01
   2.6457701e-01
  -4.3714189e-01
  -1.5402764e-01
   4.6949781e-01
   1.7762049e-01
  -2.6558814e-01
  -8.0889788e-02
  -4.7185709e-03
  -1.2841254e-01
   1.1729019e-01
   6.6059993e-02
  -1.5133131e-01
   1.6211662e-01
   4.4287159e-01
   4.4826424e-02
  -4.1590832e-01
   2.9996630e-02
   4.6477924e-01
  -2.0930233e-01
  -6.5891473e-01
   1.6784631e-01
   5.5476913e-01
  -2.3963600e-01
  -4.6241995e-01
   1.6076845e-01
   1.0515672e-01
  -3.3602966e-01
   3.8422649e-02
   2.7232895e-01
  -1.0313448e-01
  -9.1001011e-03
   3.0872936e-01
  -5.0893158e-02
  -3.4445568e-01
   2.4031008e-01
   4.4354567e-01
  -1.3515335e-01
  -1.1897540e-01
   4.1152679e-01
   2.0694304e-01
  -2.6491405e-01
  -2.2581732e-02
   1.8132794e-01
  -7.5160094e-02
  -1.0852713e-01
   1.2639029e-01
   1.4223121e-01
   7.4823054e-02
   6.6734075e-02
  -7.4823054e-02
  -1.0717897e-01
   9.7067745e-02
   1.4897203e-01
   3.6737445e-02
   1.1560499e-01
   1.3650152e-01
  -1.3380519e-01
  -2.1941355e-01
   7.8193461e-02
   9.3697337e-02
  -1.8065386e-01
   1.0111223e-02
   3.2692956e-01
   1.2942366e-01
  -2.1536906e-01
  -5.2915403e-02
   2.8345130e-01
   5.6285811e-02
  -1.4020897e-01
   2.5210650e-01
   3.7613751e-01
   1.9548365e-02
  -1.0279744e-01
  -6.7408156e-04
   6.2689585e-02
   8.4934277e-02
   6.6397034e-02
   1.2470509e-02
   4.7522750e-02
   1.9177620e-01
  -4.0781935e-02
  -4.5399393e-01
  -7.5497135e-02
   3.7478935e-01
  -1.8469835e-01
  -4.3545669e-01
   3.0299966e-01
   5.4836535e-01
  -2.5278059e-02
  -1.1324570e-01
   3.4614088e-01
   1.1358274e-01
  -3.5894843e-01
  -5.6959892e-02
   9.8415908e-02
  -2.3087294e-01
   1.4492754e-02
   2.8816987e-01
  -1.8233906e-01
  -2.7199191e-01
   3.1681834e-01
   2.5615099e-01
  -3.6332996e-01
   1.7526121e-02
   5.6285811e-01
  -3.7074486e-03
  -2.8850691e-01
   1.6683519e-01
   1.4492754e-01
  -3.7310415e-01
  -1.5099427e-01
   3.5726323e-01
   4.7185709e-02
  -2.1570610e-01
   9.9427031e-02
   6.1341422e-02
  -3.0030334e-01
  -2.4266936e-02
   2.7738456e-01
   1.8200202e-01
   1.5234243e-01
   2.4165824e-01
   2.6120661e-01
   3.0333670e-02
   9.5382541e-02
   2.3087294e-01
  -9.7741827e-02
  -2.1604314e-01
   1.5604988e-01
   1.1290866e-01
  -2.8244018e-01
  -1.2706437e-01
   1.7458713e-01
   1.9548365e-02
  -1.9245029e-01
   8.0215706e-02
   2.1705426e-01
   2.0559488e-02
   1.0144928e-01
   1.9177620e-01
   1.1189754e-01
  -9.6393664e-02
   6.5385912e-02
   3.9130435e-01
   4.7522750e-02
  -2.6356589e-01
  -3.3704078e-04
   2.2345804e-01
  -1.7863161e-01
  -5.3589484e-01
  -2.5042130e-01
   2.2177283e-01
   3.0401079e-01
   8.9315807e-02
   1.1189754e-01
   2.2986181e-01
   2.8783283e-01
   9.6056623e-02
  -1.5942029e-01
  -1.3616448e-01
   1.4290529e-01
   1.9952814e-01
  -2.3491743e-01
  -1.9480957e-01
   2.3592855e-01
   5.5274688e-02
  -3.1075160e-01
  -1.8132794e-01
   1.1459387e-02
  -4.7185709e-02
  -7.3474890e-02
   8.2912032e-02
   1.2639029e-01
   1.3481631e-03
   1.3751264e-01
   1.9919110e-01
  -1.1054938e-01
   9.5045501e-02
   4.7084597e-01
   2.4603977e-02
  -4.0242669e-01
  -8.2237951e-02
   2.0155039e-01
  -1.9683182e-01
  -3.5321874e-01
   2.0121335e-01
   3.5288170e-01
  -4.3815302e-02
   5.7296933e-03
   3.5153354e-01
   1.6919447e-01
  -2.2480620e-01
  -1.0279744e-01
   1.3414223e-01
   2.0896528e-02
   4.4826424e-02
   1.1021234e-01
  -3.1344793e-02
  -6.2689585e-02
  -4.6511628e-02
  -9.1675093e-02
  -2.0862824e-01
  -2.4266936e-01
   1.3515335e-01
   1.9683182e-01
  -1.7997978e-01
   3.3704078e-04
   3.0771823e-01
   3.2119987e-01
   1.5032019e-01
   1.7526121e-02
   2.0492080e-01
   2.0289855e-01
   0.0000000e+00
   7.1452646e-02
   1.5638692e-01
  -1.3549039e-01
  -1.8739467e-01
   1.3886080e-01
   1.4459050e-01
  -2.1233569e-02
   1.3818672e-02
   6.3026626e-02
   3.0333670e-02
  -3.6737445e-02
  -1.0043815e-01
   1.3178295e-01
   2.1132457e-01
   3.5052241e-02
   1.9245029e-01
   2.3390630e-01
   2.7974385e-02
   4.2467139e-02
   1.5604988e-01
   6.0667341e-03
  -1.5099427e-01
   1.0515672e-01
   3.8422649e-01
  -3.4378160e-02
  -5.2915403e-01
   2.1233569e-02
   4.0107853e-01
  -3.3737782e-01
  -6.7610381e-01
   1.8166498e-01
   6.3094034e-01
  -1.6852039e-01
  -4.1085271e-01
   3.4816313e-01
   3.3434446e-01
  -4.5163465e-01
  -2.6693630e-01
   3.9197843e-01
   6.7408156e-02
  -4.0916751e-01
   2.4941018e-02
   3.7108190e-01
  -1.8368723e-01
  -2.8749579e-01
   2.5817324e-01
   2.4300640e-01
  -2.4941018e-01
  -1.2504213e-01
   4.1388608e-01
   2.5615099e-02
  -5.6521739e-01
  -1.0178632e-01
   3.3906303e-01
  -1.1830131e-01
  -2.4907314e-01
   2.9288844e-01
   3.5389282e-01
  -1.0481968e-01
  -3.7074486e-03
   3.5894843e-01
  -2.0559488e-02
  -3.4580384e-01
   1.3380519e-01
   4.6511628e-01
  -7.0778564e-03
  -1.9986518e-01
   2.8041793e-01
   3.0839232e-01
  -6.8082238e-02
  -1.4357937e-01
   4.8870913e-02
   1.3751264e-01
   4.7185709e-03
  -5.8645096e-02
  -2.0896528e-02
   3.6063364e-02
   7.3137850e-02
   4.7859791e-02
   4.5163465e-02
   1.1358274e-01
   2.4368049e-01
   2.4705089e-01
   8.5271318e-02
  -1.9548365e-02
   6.6734075e-02
   1.5672396e-01
  -9.3697337e-02
  -1.4223121e-01
   2.0660600e-01
   1.4863498e-01
  -1.4627570e-01
  -8.4934277e-02
   1.2706437e-01
   9.1001011e-03
  -2.2548028e-01
   3.2692956e-02
   3.2659252e-01
   7.6508257e-02
  -3.2355915e-02
   1.2571621e-01
   1.2639029e-01
   4.3815302e-02
   3.3704078e-03
  -1.4964611e-01
  -2.3019885e-01
   2.2177283e-01
   2.7772160e-01
  -3.0030334e-01
  -4.1590832e-01
   1.5369060e-01
   3.7883384e-01
  -1.6279070e-01
  -2.8210313e-01
   3.7445231e-01
   4.6140883e-01
  -3.0030334e-01
  -2.8884395e-01
   1.5604988e-01
  -6.0667341e-03
  -1.6548702e-01
   1.6852039e-03
  -5.3926525e-03
  -5.0556117e-02
   2.6592518e-01
   1.3650152e-01
  -3.6400404e-01
  -2.6761038e-01
   3.1445905e-01
   2.8311426e-02
  -5.0960566e-01
   2.5648804e-01
   7.6137513e-01
  -5.0219077e-02
  -3.3501854e-01
   4.6477924e-01
   3.5018537e-01
  -4.0815639e-01
  -9.5719582e-02
   4.3208628e-01
   9.5719582e-02
  -2.3592855e-01
   1.5638692e-01
   2.9996630e-01
  -2.4603977e-01
  -1.9615774e-01
   4.3815302e-01
   2.1705426e-01
  -2.4064712e-01
   9.4708460e-02
   3.7377823e-01
  -8.0215706e-02
  -4.4152342e-01
   8.8304685e-02
   3.9871925e-01
  -1.4020897e-01
  -3.2052578e-01
   9.9089990e-02
   1.5706100e-01
  -1.4357937e-01
  -1.2706437e-01
  -2.4941018e-02
  -1.3447927e-01
  -2.1233569e-02
   2.2649141e-01
   5.4263566e-02
   6.5722952e-02
   4.3916414e-01
   2.2885069e-01
  -2.7367711e-01
  -6.0667341e-02
   3.2625548e-01
  -6.7408156e-03
  -1.4088305e-01
   3.0738119e-01
   1.4661274e-01
  -4.6376812e-01
  -1.0481968e-01
   3.7344119e-01
  -2.6221773e-01
  -4.5904954e-01
   3.5995956e-01
   4.6983485e-01
  -2.6188069e-01
  -2.0188743e-01
   3.3838895e-01
   8.3249073e-02
  -2.5648804e-01
   7.4148972e-03
   8.0215706e-02
  -9.1675093e-02
   2.5311763e-01
   3.0097742e-01
  -3.7681159e-01
  -2.6255477e-01
   5.2342433e-01
   2.6491405e-01
  -4.7455342e-01
  -7.4148972e-03
   6.5790361e-01
   1.3953488e-01
  -3.2457027e-01
   6.7745197e-02
   2.6693630e-01
   9.4371419e-03
  -4.2467139e-02
   1.2335693e-01
   7.6171217e-02
   6.3700708e-02
   3.1176272e-01
   3.7411527e-02
  -4.1691945e-01
  -4.0107853e-02
   2.6963263e-01
  -1.0953825e-01
  -1.4492754e-01
   1.9413549e-01
   1.4930907e-01
  -2.8648466e-02
   3.2355915e-02
  -9.4371419e-03
  -1.5335356e-01
   2.2210988e-01
   4.8702393e-01
  -1.0246040e-01
  -2.4570273e-01
   5.1870576e-01
   4.0377486e-01
  -5.2039097e-01
  -3.2086282e-01
   4.7657567e-01
   1.9851702e-01
  -4.5972363e-01
  -6.6059993e-02
   3.7310415e-01
  -1.0819009e-01
  -2.8311426e-01
  -2.4266936e-02
  -1.2706437e-01
  -1.3211999e-01
   2.5345467e-01
   1.7425008e-01
  -2.2008763e-01
   1.1931244e-01
   4.5837546e-01
  -8.1563869e-02
  -4.5433097e-01
   2.1638018e-01
   5.8038423e-01
  -2.9861813e-01
  -4.9443883e-01
   4.0242669e-01
   2.4974722e-01
  -6.3734412e-01
  -3.0198854e-01
   5.6959892e-01
   1.7256488e-01
  -3.9737108e-01
   1.5739805e-01
   3.3636670e-01
  -3.2895180e-01
  -2.1907651e-01
   4.5567914e-01
   1.6683519e-01
  -3.1277385e-01
   1.7256488e-01
   3.5962251e-01
  -3.6063364e-01
  -2.8008089e-01
   3.7647455e-01
  -3.0333670e-02
  -3.6164476e-01
   2.2986181e-01
   3.5422986e-01
  -7.1115605e-02
   1.0953825e-01
   4.5904954e-01
   4.8196832e-02
  -2.7165487e-01
   2.0559488e-01
   3.3333333e-01
  -1.8200202e-01
  -7.5160094e-02
   3.8254129e-01
   4.9544995e-02
  -3.2928884e-01
   8.7293563e-02
   2.7974385e-01
  -1.5402764e-01
  -1.4661274e-01
   4.1152679e-01
   3.2355915e-01
  -2.6828446e-01
  -3.2692956e-02
   4.5298281e-01
  -2.2918773e-02
  -5.2477250e-01
   1.0616785e-01
   5.4937647e-01
  -8.8978766e-02
  -3.4850017e-01
   1.9885406e-01
   2.8109201e-01
  -2.4603977e-01
  -2.0256151e-01
   2.2851365e-01
   1.3784968e-01
  -9.1001011e-02
   1.6413886e-01
   3.5928547e-01
   7.8867543e-02
  -1.1560499e-01
  -7.8530502e-02
  -2.0222447e-03
  -9.7741827e-03
  -4.5163465e-02
   2.0896528e-02
   2.8648466e-02
  -6.9430401e-02
  -2.8648466e-02
   9.0326930e-02
  -1.3211999e-01
  -2.3222110e-01
   1.2335693e-01
   1.8638355e-01
  -1.2066060e-01
  -1.3245703e-01
   1.2672733e-01
   8.1900910e-02
  -1.3481631e-03
   9.3023256e-02
   1.2369397e-01
  -4.2467139e-02
  -5.6285811e-02
   3.5389282e-01
   2.7637344e-02
  -7.2227840e-01
  -2.6491405e-01
   7.3137850e-01
   1.9615774e-01
  -7.1284125e-01
   2.6356589e-01
   1.0000000e+00
  -1.0684193e-01
  -6.7745197e-01
   2.3929896e-01
   4.2635659e-01
  -2.7030671e-01
  -2.9962926e-01
   6.6734075e-02
   1.1088642e-01
   1.5335356e-01
   1.8874284e-01
  -2.6221773e-01
  -2.2109875e-01
   4.4657904e-01
   2.5210650e-01
  -5.0825750e-01
  -1.6245366e-01
   4.9477587e-01
  -4.1793057e-02
  -4.6477924e-01
   1.6986855e-01
   5.0724638e-01
   6.2352545e-02
   7.2126727e-02
   3.9770812e-01
  -9.7741827e-03
  -3.5524098e-01
   9.3360297e-02
   9.5719582e-02
  -3.6804853e-01
   2.1233569e-02
   5.6555443e-01
   1.2403101e-01
  -2.1503202e-01
   4.3377149e-01
   5.3420964e-01
  -2.5682508e-01
  -3.6872262e-01
   2.4806202e-01
   2.5682508e-01
  -1.7997978e-01
   6.9093360e-02
   2.3019885e-01
  -2.3255814e-01
  -1.6211662e-01
   1.4829794e-01
  -2.8715875e-01
  -3.0198854e-01
   3.7714863e-01
   1.9211325e-01
  -3.8490057e-01
   3.3704078e-03
   5.4836535e-01
   5.9656218e-02
  -4.4287159e-01
   1.4054601e-01
   5.8173239e-01
  -7.7182339e-02
  -2.7300303e-01
   2.8884395e-01
  -3.0333670e-02
  -3.7883384e-01
   1.8166498e-01
   1.8469835e-01
  -3.6737445e-01
  -9.8078868e-02
   4.0546006e-01
  -4.9544995e-02
  -5.7128413e-01
  -4.5163465e-02
   4.4759016e-01
  -6.3700708e-02
  -2.6120661e-01
   4.9780923e-01
   4.2399730e-01
  -3.6130772e-01
   5.4263566e-02
   5.6386923e-01
  -2.1098753e-01
  -5.7566566e-01
   3.3232221e-01
   5.6252107e-01
  -3.7917088e-01
  -4.6208291e-01
   4.5702730e-01
   3.4917425e-01
  -5.2847995e-01
  -2.5446579e-01
   4.1051567e-01
   1.2133468e-01
  -1.9278733e-01
   1.4189417e-01
   3.0771823e-01
  -3.1007752e-02
  -9.2686215e-02
   3.6400404e-02
  -7.5497135e-02
  -1.0785305e-02
   3.1142568e-01
   1.6852039e-01
  -3.2355915e-01
  -8.3923155e-02
   2.5345467e-01
  -1.0111223e-02
  -6.2015504e-02
   1.6110549e-01
   1.1324570e-01
   1.3650152e-01
   2.9861813e-01
   5.5611729e-02
  -2.1267273e-01
  -3.3704078e-03
   2.4671385e-01
  -1.2672733e-01
  -3.6905966e-01
   1.8436131e-01
   3.3299629e-01
  -2.0559488e-01
  -1.1594203e-01
   2.9154028e-01
  -7.4823054e-02
  -2.9120324e-01
   2.1402090e-01
   3.6198180e-01
  -8.3249073e-02
  -2.2918773e-02
   4.7826087e-01
   1.5402764e-01
  -4.1826761e-01
  -1.2234580e-01
   2.2783957e-01
  -9.2349174e-02
  -1.4998315e-01
   1.2706437e-01
  -1.0549376e-01
  -1.1156050e-01
   2.2379508e-01
  -8.5608359e-02
  -4.9679811e-01
   2.1570610e-01
   7.1183013e-01
  -2.4941018e-01
  -4.3613077e-01
   5.7768790e-01
   4.2601955e-01
  -6.5015167e-01
  -3.1715538e-01
   6.6228514e-01
   1.9447253e-01
  -4.9612403e-01
   5.4937647e-02
   3.9096731e-01
  -2.8513650e-01
  -3.7276710e-01
   1.0414560e-01
  -4.9882036e-02
  -1.9480957e-01
   3.1445905e-01
   3.4850017e-01
  -2.0256151e-01
   2.2446916e-01
   6.0364004e-01
  -1.7087968e-01
  -2.6659926e-01
   5.6589147e-01
   3.4782609e-01
  -4.9983148e-01
   3.4041119e-02
   6.1274014e-01
  -1.9447253e-01
  -5.6488035e-01
   4.3478261e-01
   7.2598584e-01
  -2.5581395e-01
  -2.0694304e-01
   5.0556117e-01
   9.8078868e-02
  -4.1253792e-01
   1.7930570e-01
   3.5254466e-01
  -4.1557128e-01
  -1.6683519e-01
   7.4789350e-01
   3.3131109e-01
  -6.1240310e-01
  -1.6852039e-01
   4.8028311e-01
  -1.7559825e-01
  -7.7350859e-01
  -5.1230199e-02
   5.5173576e-01
  -1.1863836e-01
  -2.9389956e-01
   3.0502191e-01
   1.6750927e-01
  -1.9851702e-01
   5.3926525e-03
   2.7536232e-01
   7.2126727e-02
  -2.2548028e-01
  -6.9767442e-02
   1.9245029e-01
   2.3592855e-02
  -1.5301651e-01
  -1.2706437e-01
  -1.1796427e-02
   1.6110549e-01
  -3.4715201e-02
  -3.2457027e-01
  -3.3704078e-02
   4.0377486e-01
  -4.3815302e-03
  -5.1331311e-01
  -1.3886080e-01
   3.1648129e-01
   2.1739130e-01
  -4.3141220e-02
  -1.3582744e-01
  -2.3255814e-02
   2.0087631e-01
   6.9767442e-02
  -3.5187058e-01
  -2.0997641e-01
   4.1961577e-01
   4.9983148e-01
  -8.2912032e-02
  -1.9042804e-01
   2.9962926e-01
   3.4411864e-01
   2.4266936e-02
  -2.1705426e-01
  -8.5945399e-02
   4.5871250e-01
   5.1803168e-01
  -2.2952477e-01
  -3.5827435e-01
   4.3107516e-01
   3.1782946e-01
  -5.2173913e-01
  -3.3771486e-01
   4.7084597e-01
   2.5513987e-01
  -4.1388608e-01
  -1.7357600e-01
   3.3333333e-01
   2.3592855e-01
  -2.5952140e-02
   9.8415908e-02
   2.2042467e-01
   1.5942029e-01
   2.0087631e-01
   1.1998652e-01
  -5.1567240e-02
   1.7323896e-01
   2.0728008e-01
  -2.3087294e-01
  -1.0650489e-01
   3.5254466e-01
   3.0131446e-01
  -9.3360297e-02
  -1.6986855e-01
  -2.2244692e-02
  -1.4256825e-01
  -1.6043141e-01
   1.6279070e-01
   1.1088642e-01
  -2.8311426e-01
   1.1796427e-01
   2.3424334e-01
  -3.7681159e-01
  -7.5160094e-02
   5.4263566e-01
   4.1118975e-02
  -5.8105831e-01
   1.0650489e-01
   5.5611729e-01
  -2.2750253e-01
  -5.1027974e-01
   2.5143242e-01
   2.7300303e-01
  -4.5972363e-01
  -1.4762386e-01
   4.8938322e-01
   9.8752949e-02
  -2.5918436e-01
   2.4806202e-01
   1.6616111e-01
  -3.3704078e-01
   2.5952140e-02
   2.9154028e-01
  -5.9319178e-02
  -1.2976070e-01
   2.4637681e-01
   1.5604988e-01
  -2.3828783e-01
  -7.3811931e-02
   1.8672059e-01
  -1.7290192e-01
  -3.0670711e-01
   3.1547017e-01
   3.0434783e-01
  -2.3626559e-01
  -9.2686215e-02
   2.8008089e-01
  -1.3481631e-03
  -3.4715201e-01
   1.1054938e-01
   4.7185709e-01
  -7.9541625e-02
  -3.4816313e-01
   2.4974722e-01
   3.0872936e-01
  -2.4603977e-01
  -1.7458713e-01
   3.8961914e-01
   3.4647792e-01
  -9.6393664e-02
  -1.0481968e-01
   3.1007752e-02
   9.3360297e-02
   1.1290866e-01
   8.0552747e-02
  -3.7074486e-03
   2.6289181e-02
   2.0829120e-01
   2.1907651e-02
  -1.3683856e-01
   1.5706100e-01
   1.9885406e-02
  -2.7401416e-01
   1.7222784e-01
   3.2591844e-01
  -7.2800809e-02
   9.3697337e-02
   4.7253118e-01
   2.5682508e-01
  -2.1873947e-01
  -2.2682845e-01
   9.9764071e-02
   8.3586114e-02
  -1.3515335e-01
  -8.2912032e-02
   5.9319178e-02
   8.3249073e-02
   3.3704078e-04
  -4.5163465e-02
   2.0896528e-02
   9.8078868e-02
   9.5045501e-02
   6.5048871e-02
   1.4256825e-01
   9.4708460e-02
  -5.8645096e-02
  -8.6282440e-02
   4.6848669e-02
   2.8985507e-02
  -1.0111223e-01
   3.6737445e-02
   1.7020559e-01
  -6.9093360e-02
  -3.5827435e-01
  -1.6346478e-01
   1.4829794e-02
   5.5274688e-02
   1.0043815e-01
  -3.4041119e-02
   8.1563869e-02
   3.7546343e-01
   2.7873273e-01
  -1.0785305e-01
  -1.0515672e-01
   2.0492080e-01
   9.1338052e-02
  -2.8715875e-01
  -1.0077519e-01
   2.4839906e-01
   5.9993259e-02
  -1.8672059e-01
  -1.0077519e-01
  -5.7296933e-03
  -6.1341422e-02
   4.8533873e-02
   9.9089990e-02
   1.8874284e-02
   1.4863498e-01
   1.8705763e-01
  -1.1290866e-01
  -1.0549376e-01
   3.7714863e-01
   3.0131446e-01
  -2.6154365e-01
  -1.2066060e-01
   4.9005730e-01
   2.2076171e-01
  -5.6150994e-01
  -2.2548028e-01
   4.3613077e-01
   8.7630603e-03
  -2.9255140e-01
   3.1412201e-01
   4.9511291e-01
  -1.7189080e-02
  -2.8985507e-02
   3.6872262e-01
   7.5497135e-02
  -3.7243006e-01
   1.0650489e-01
   3.7782272e-01
  -3.2726660e-01
  -5.2275025e-01
   3.0131446e-01
   2.1941355e-01
  -5.6993596e-01
  -7.0441523e-02
   4.9005730e-01
  -1.8233906e-01
  -4.2568251e-01
   4.3646781e-01
   4.2399730e-01
  -3.7580047e-01
  -2.1907651e-01
   5.6757668e-01
   4.3107516e-01
  -2.6996967e-01
   6.8419279e-02
   4.5466801e-01
  -2.7637344e-02
  -3.1648129e-01
  -8.4934277e-02
  -1.3077182e-01
  -1.5739805e-01
   1.2268284e-01
   1.4054601e-01
   8.4260195e-03
   1.0212336e-01
   4.2669363e-01
   8.1900910e-02
  -4.2905292e-01
   2.1233569e-02
   5.0994270e-01
  -2.0896528e-02
  -4.0141557e-01
   3.1884058e-01
   4.1085271e-01
  -3.6366700e-01
  -4.8668689e-01
   8.6619481e-02
   5.6622851e-02
  -4.6781261e-01
  -1.9649478e-01
   2.9828109e-01
  -2.2581732e-02
  -3.3434446e-01
   2.7536232e-01
   3.9400067e-01
  -1.3987192e-01
   6.3700708e-02
   5.0151668e-01
   2.8479946e-01
  -1.2470509e-01
   2.4603977e-02
   2.7435120e-01
  -5.3926525e-02
  -4.4691608e-01
   4.6174587e-02
   3.9905629e-01
  -2.6086957e-01
  -3.5456690e-01
   2.7165487e-01
   1.2099764e-01
  -4.4523087e-01
  -1.3245703e-01
   4.2096394e-01
   1.2740142e-01
  -1.9514661e-01
   2.5581395e-01
   5.0758342e-01
   5.4937647e-02
  -4.2130098e-02

